     X         dX           Y        dY
    0.3899    0.08912    -4.0382    0.20284 
  -0.0419    0.24092    -4.0547    0.21070 
    0.0150    0.21130    -5.0098    1.89993 
   -0.1711    0.32437    -4.5289    0.62787 
    0.1535    0.15360    -4.1430    0.25819 
   -0.1806    0.33149    -3.8700    0.13771 
   -0.0557    0.24870    -4.0193    0.19418 
    0.5643    0.05965    -4.1450    0.25936 
    0.4246    0.08229    -3.9849    0.17939 
   -0.1990    0.34585    -3.8054    0.11866 
    0.3667    0.09403    -3.9681    0.17260 
   -1.0101    2.23866    -3.6879    0.09054 
    0.1697    0.14799    -4.0412    0.20422 
    0.0453    0.19709    -3.7666    0.10853 
    0.2652    0.11877    -3.7067    0.09455 
    0.4736    0.07351    -3.4055    0.04725 
   -0.3819    0.52707    -3.7037    0.09390 
    0.3923    0.08863    -4.9166    1.53287 
   -0.5957    0.86220    -3.8741    0.13901 
    0.1340    0.16065    -4.4526    0.52665 
   -0.3634    0.50508    -3.9261    0.15669 
    0.4427    0.07893    -4.8041    1.18310 
   -0.5877    0.84644    -4.8024    1.17849 
    0.3586    0.09580    -3.4952    0.05809 
   -1.0684    2.56072    -4.0232    0.19595 
    0.3384    0.10034    -3.5525    0.06628 
   -0.1551    0.31259    -3.5982    0.07365 
   -0.2293    0.37088    -3.9413    0.16225 
   -0.5085    0.70534    -3.7756    0.11079 
    0.0284    0.20491    -3.7346    0.10081 
   -0.5318    0.74429    -3.6784    0.08858 
   -0.0007    0.21911    -3.8802    0.14096 
   -0.5907    0.85239    -3.1035    0.02357 
   -0.5768    0.82552    -3.5669    0.06852 
    0.5262    0.06512    -4.1030    0.23546 
    0.4105    0.08501    -3.8827    0.14178 
   -0.2245    0.36680    -4.3968    0.46321 
   -0.1674    0.32160    -4.2420    0.32432 
    0.4193    0.08329    -3.6399    0.08107 
    0.4957    0.06986    -3.8441    0.12974 
    0.0745    0.18425    -4.7932    1.15381 
    0.1453    0.15654    -3.4529    0.05271 
    0.3714    0.09300    -2.7839    0.01129 
   -0.0159    0.22690    -3.0599    0.02132 
   -0.5526    0.78073    -2.8606    0.01348 
    0.3277    0.10286    -2.6373    0.00806 
    0.6184    0.05266    -2.7881    0.01140 
    0.1242    0.16433    -3.3596    0.04251 
    0.2467    0.12393    -3.4756    0.05554 
    0.2409    0.12560    -3.9366    0.16052 
   -1.1920    3.40371    -4.1450    0.25935 
   -0.0489    0.24478    -4.4545    0.52892 
    0.3719    0.09291    -3.0431    0.02051 
    0.3924    0.08863    -4.2562    0.33508 
   -1.4145    5.68129    -3.9714    0.17392 
   -0.1052    0.27870    -3.6129    0.07617 
    0.5601    0.06023    -2.7233    0.00982 
    0.6135    0.05326    -2.4795    0.00560 
    0.7946    0.03510    -2.5177    0.00612 
    0.7824    0.03610    -2.3802    0.00446 
    0.3741    0.09244    -1.7366    0.00101 
    0.3870    0.08973    -1.9364    0.00160 
    0.3666    0.09404    -2.3999    0.00467 
    0.5680    0.05914    -2.9822    0.01783 
    0.3112    0.10683    -3.0778    0.02222 
   -0.2390    0.37921    -3.1104    0.02395 
   -0.0921    0.27038    -3.4424    0.05145 
   -0.0972    0.27361    -5.0830    2.24859 
   -0.9304    1.86354    -4.3750    0.44053 
    0.0977    0.17467    -4.7067    0.94536 
    0.3036    0.10871    -3.5230    0.06193 
    0.4368    0.08000    -3.8090    0.11967 
    0.3412    0.09971    -3.7702    0.10943 
    0.4475    0.07806    -3.8293    0.12537 
   -0.2241    0.36645    -3.5798    0.07059 
    0.1376    0.15933    -2.5856    0.00715 
    0.7225    0.04144    -2.6123    0.00761 
    0.6758    0.04614    -2.3673    0.00433 
    0.8064    0.03416    -2.2916    0.00363 
    0.9660    0.02365    -2.2666    0.00343 
    0.9658    0.02367    -2.1075    0.00238 
    1.1780    0.01452    -2.1840    0.00284 
    0.7606    0.03796    -2.5198    0.00615 
   -0.2831    0.41975    -3.1688    0.02740 
    0.0656    0.18808    -3.5814    0.07084 
   -0.1836    0.33382    -3.0102    0.01902 
    0.2151    0.13328    -3.6652    0.08592 
   -0.5400    0.75841    -3.7344    0.10077 
    0.5503    0.06160    -3.2463    0.03275 
   -2.0701   25.70713    -3.6361    0.08036 
   -0.0544    0.24790    -3.6990    0.09289 
    0.3476    0.09825    -3.6719    0.08727 
    0.5730    0.05846    -3.7721    0.10990 
   -0.2055    0.35109    -4.0737    0.22011 
    0.4513    0.07738    -2.3318    0.00399 
    1.1057    0.01715    -1.6742    0.00088 
    0.9667    0.02362    -2.2351    0.00319 
    0.6347    0.05072    -2.8193    0.01225 
    0.9634    0.02380    -2.7333    0.01005 
    1.1254    0.01639    -1.6393    0.00081 
    0.7833    0.03603    -2.5130    0.00605 
    0.3696    0.09340    -3.3567    0.04223 
    0.4058    0.08593    -2.9846    0.01793 
    0.1984    0.13854    -3.1719    0.02760 
    0.2811    0.11451    -3.4675    0.05451 
   -0.2066    0.35202    -4.8424    1.29210 
    0.2233    0.13081    -4.5015    0.58948 
    0.5578    0.06054    -3.5738    0.06961 
   -0.1814    0.33212    -2.7303    0.00998 
    0.0902    0.17771    -3.5223    0.06184 
    0.3305    0.10219    -3.9035    0.14873 
    0.0207    0.20857    -3.2286    0.03144 
    0.6342    0.05079    -2.8835    0.01421 
    0.5313    0.06436    -2.7939    0.01156 
    0.6530    0.04863    -3.5999    0.07394 
   -0.2314    0.37267    -2.8260    0.01244 
    0.9680    0.02354    -2.1191    0.00244 
    1.1198    0.01660    -2.5413    0.00646 
    0.9861    0.02258    -2.6788    0.00887 
    0.7885    0.03560    -2.8645    0.01360 
    0.8273    0.03256    -2.7881    0.01140 
    0.6595    0.04791    -2.4642    0.00541 
    0.9430    0.02494    -2.9617    0.01701 
    0.7515    0.03877    -2.8999    0.01475 
    0.0293    0.20445    -2.9149    0.01527 
    0.4837    0.07181    -3.2430    0.03250 
   -0.0483    0.24448    -3.2197    0.03080 
    0.2937    0.11124    -4.0890    0.22800 
   -2.1808   33.17025    -4.0433    0.20522 
   -0.0724    0.25840    -3.9038    0.14886 
   -0.1915    0.33997    -3.8681    0.13711 
    0.3947    0.08815    -3.4253    0.04946 
    0.5065    0.06814    -3.6324    0.07967 
    0.3233    0.10390    -3.4514    0.05253 
    0.7122    0.04244    -3.2085    0.03002 
    0.9652    0.02370    -2.2046    0.00298 
    0.9162    0.02653    -2.0776    0.00222 
    0.7528    0.03865    -2.7132    0.00960 
    1.0296    0.02043    -2.1069    0.00238 
    1.0986    0.01743    -2.2707    0.00346 
    0.9874    0.02252    -2.6664    0.00862 
    0.7917    0.03533    -2.4288    0.00499 
    1.0425    0.01984    -2.2948    0.00366 
    1.0108    0.02133    -2.0858    0.00226 
    0.9808    0.02286    -2.4536    0.00528 
    0.8672    0.02970    -2.8632    0.01356 
    0.8239    0.03281    -3.7943    0.11569 
    0.7229    0.04140    -3.2525    0.03322 
    0.6172    0.05281    -3.6344    0.08005 
    0.7407    0.03974    -2.9146    0.01526 
    0.7130    0.04236    -3.0279    0.01981 
   -1.1421    3.03434    -3.3692    0.04346 
    0.4446    0.07858    -3.6903    0.09105 
    0.3246    0.10359    -2.3390    0.00405 
    0.4068    0.08574    -3.2628    0.03402 
    0.6593    0.04793    -2.5712    0.00692 
    0.7861    0.03580    -2.5897    0.00722 
    0.8059    0.03420    -3.1981    0.02931 
    0.4552    0.07669    -3.0489    0.02079 
    0.7787    0.03641    -2.7367    0.01013 
    1.2523    0.01224    -2.0241    0.00196 
    1.2099    0.01349    -2.2827    0.00356 
    1.1408    0.01582    -2.3513    0.00417 
    1.3813    0.00909    -2.2868    0.00360 
    1.2966    0.01105    -2.3994    0.00466 
    1.3166    0.01055    -2.3070    0.00377 
    1.1600    0.01513    -2.2850    0.00358 
    0.9483    0.02464    -2.4475    0.00521 
    0.7189    0.04179    -3.0341    0.02009 
    0.4956    0.06987    -3.7536    0.10533 
    0.1927    0.14035    -3.2170    0.03061 
    0.5566    0.06071    -3.2986    0.03694 
   -0.4055    0.55643    -3.7030    0.09373 
    0.3212    0.10440    -3.7738    0.11034 
    0.3246    0.10358    -3.0225    0.01956 
    0.0219    0.20796    -2.9459    0.01640 
    0.1119    0.16905    -2.7965    0.01163 
    0.0423    0.19845    -2.8703    0.01378 
    0.5148    0.06685    -2.7744    0.01105 
    0.8074    0.03408    -3.1273    0.02490 
   -1.2587    3.96850    -3.5798    0.07059 
    0.8402    0.03160    -3.0815    0.02241 
    1.2407    0.01257    -2.1917    0.00289 
    1.2066    0.01359    -2.7036    0.00939 
    1.3401    0.01000    -2.0808    0.00224 
    1.3354    0.01010    -2.4188    0.00487 
    1.4397    0.00795    -2.1624    0.00270 
    1.3030    0.01089    -2.2721    0.00348 
    1.1584    0.01519    -2.5509    0.00660 
    1.3967    0.00877    -1.8513    0.00132 
    0.8449    0.03126    -2.5741    0.00697 
    0.5562    0.06077    -2.9585    0.01688 
    0.7921    0.03531    -2.9318    0.01587 
    0.5701    0.05885    -3.2685    0.03447 
    0.1280    0.16289    -2.8705    0.01379 
    0.3219    0.10425    -2.8621    0.01352 
    0.1156    0.16761    -3.8370    0.12762 
    0.0290    0.20463    -3.0841    0.02254 
    0.4443    0.07863    -2.1804    0.00281 
    0.3149    0.10593    -3.1778    0.02797 
    0.6041    0.05443    -2.6713    0.00871 
    0.8947    0.02788    -2.5287    0.00628 
    0.7130    0.04236    -2.7221    0.00980 
    0.7493    0.03896    -2.8657    0.01363 
    1.3800    0.00912    -2.0560    0.00211 
    1.2942    0.01111    -2.5583    0.00672 
    1.2738    0.01164    -2.2924    0.00364 
    1.3966    0.00878    -2.1756    0.00278 
    1.5231    0.00656    -1.9296    0.00158 
    1.3571    0.00961    -2.4375    0.00509 
    1.2502    0.01229    -2.1615    0.00269 
    1.4255    0.00821    -2.2014    0.00295 
    1.1481    0.01555    -2.3769    0.00442 
    0.7744    0.03677    -2.7908    0.01148 
    0.6515    0.04880    -3.1104    0.02395 
    0.5360    0.06367    -3.4558    0.05306 
    0.5372    0.06350    -2.6101    0.00757 
    0.0895    0.17800    -3.3127    0.03816 
   -0.3243    0.46160    -3.6690    0.08668 
    0.3386    0.10030    -2.9923    0.01825 
    0.4214    0.08290    -3.4478    0.05209 
    0.4927    0.07035    -3.7353    0.10097 
    0.9406    0.02508    -2.4703    0.00549 
    0.8996    0.02756    -2.3851    0.00451 
    0.9792    0.02295    -2.3834    0.00449 
    1.0038    0.02168    -2.4807    0.00562 
    1.2704    0.01174    -2.5124    0.00604 
    1.2155    0.01332    -2.4764    0.00556 
    1.2624    0.01196    -2.3565    0.00422 
    1.3466    0.00985    -2.4152    0.00483 
    1.1905    0.01411    -2.2323    0.00317 
    1.0265    0.02058    -2.3234    0.00391 
    1.1594    0.01516    -2.1675    0.00273 
    0.9075    0.02707    -2.7982    0.01167 
    0.8190    0.03318    -2.7603    0.01070 
    0.4250    0.08221    -3.4216    0.04903 
   -0.0609    0.25165    -4.1771    0.27926 
   -0.1462    0.30625    -3.2556    0.03346 
    0.0261    0.20596    -3.6901    0.09099 
   -0.5203    0.72486    -4.2977    0.36869 
    0.1992    0.13826    -4.1183    0.24392 
    0.0408    0.19910    -4.0597    0.21314 
    0.2923    0.11159    -3.9300    0.15810 
    0.0984    0.17438    -3.5145    0.06073 
    0.3904    0.08903    -3.4418    0.05137 
    0.6515    0.04880    -2.6891    0.00908 
    0.7396    0.03984    -3.2047    0.02976 
    0.6936    0.04429    -2.7027    0.00937 
    1.1164    0.01673    -2.5004    0.00588 
    1.2909    0.01120    -1.7893    0.00114 
    1.4083    0.00854    -1.4912    0.00058 
    1.2617    0.01197    -2.4501    0.00524 
    1.2957    0.01107    -2.3807    0.00446 
    1.2960    0.01106    -1.9750    0.00175 
    1.0559    0.01923    -2.6211    0.00776 
    1.4392    0.00796    -2.1055    0.00237 
    0.9775    0.02304    -2.5127    0.00605 
    0.8346    0.03201    -2.7924    0.01152 
    0.2871    0.11293    -3.0252    0.01969 
    0.3049    0.10841    -3.4985    0.05854 
    0.3686    0.09360    -3.3651    0.04306 
    0.1556    0.15288    -4.3406    0.40694 
   -0.7824    1.32547    -4.9625    1.70391 
   -0.2517    0.39053    -3.2088    0.03004 
    0.9726    0.02330    -2.1820    0.00282 
    1.1689    0.01483    -2.3831    0.00449 
    0.8889    0.02825    -2.9125    0.01519 
    0.7956    0.03502    -2.7830    0.01127 
    0.8196    0.03314    -2.3925    0.00459 
    1.1656    0.01494    -2.1602    0.00269 
    1.2461    0.01241    -1.7772    0.00111 
    1.1513    0.01544    -2.2009    0.00295 
    1.0633    0.01890    -2.3986    0.00465 
    1.2826    0.01141    -1.8860    0.00143 
    1.1578    0.01521    -2.0018    0.00187 
    0.7935    0.03519    -2.6261    0.00785 
    0.7495    0.03895    -2.4123    0.00480 
    0.5580    0.06052    -3.3016    0.03720 
    0.9021    0.02740    -2.1080    0.00238 
    0.8956    0.02782    -2.7747    0.01106 
   -0.3221    0.45922    -3.6864    0.09023 
   -0.7953    1.36529    -3.4919    0.05765 
    0.4545    0.07681    -4.1970    0.29234 
   -0.5626    0.79891    -3.9501    0.16559 
   -0.4565    0.62581    -3.3076    0.03772 
    0.2380    0.12645    -3.6478    0.08256 
    0.0692    0.18651    -3.2705    0.03463 
    0.4292    0.08142    -2.8014    0.01176 
    0.6868    0.04499    -2.6884    0.00906 
    0.8585    0.03030    -2.6596    0.00848 
    1.1370    0.01596    -2.3091    0.00378 
    1.0621    0.01896    -2.3951    0.00461 
    1.1370    0.01596    -2.3428    0.00409 
    1.1910    0.01409    -2.2679    0.00344 
    1.3309    0.01021    -1.8489    0.00131 
    1.2598    0.01203    -1.9890    0.00181 
    1.3263    0.01032    -1.9132    0.00152 
    0.4364    0.08008    -3.0369    0.02022 
   -0.3574    0.49811    -3.2379    0.03213 
    0.4209    0.08299    -2.7294    0.00996 
    0.4794    0.07254    -3.1055    0.02368 
    0.9511    0.02448    -2.4141    0.00482 
    0.4277    0.08170    -3.2534    0.03329 
   -0.0656    0.25439    -3.3349    0.04016 
   -0.0045    0.22099    -4.4053    0.47227 
   -0.3040    0.44052    -4.4183    0.48669 
   -0.0231    0.23069    -3.4583    0.05336 
    0.5215    0.06583    -3.1413    0.02572 
    0.6434    0.04972    -3.0051    0.01879 
    0.6874    0.04493    -3.0285    0.01984 
    0.9229    0.02612    -2.3931    0.00459 
    1.1891    0.01415    -2.0237    0.00196 
    0.8880    0.02831    -2.5569    0.00670 
    0.8870    0.02838    -2.7712    0.01097 
    1.1298    0.01622    -1.9894    0.00181 
    1.1433    0.01573    -1.6071    0.00075 
    0.7473    0.03914    -2.3769    0.00442 
    0.7183    0.04184    -3.3107    0.03799 
    0.3781    0.09159    -3.4065    0.04736 
    0.4623    0.07544    -3.4633    0.05399 
    0.4708    0.07398    -2.9392    0.01615 
    0.6782    0.04589    -2.3482    0.00414 
   -0.1701    0.32358    -3.2531    0.03327 
    0.3857    0.08999    -3.1943    0.02906 
   -0.1220    0.28970    -3.1757    0.02784 
   -0.2082    0.35326    -4.8539    1.32694 
    0.4630    0.07533    -3.4553    0.05299 
    0.5915    0.05603    -2.7173    0.00969 
    0.3149    0.10594    -2.8729    0.01386 
    0.0085    0.21449    -2.9271    0.01570 
    0.1674    0.14878    -2.9895    0.01813 
    0.7443    0.03942    -2.6728    0.00874 
    0.2836    0.11384    -3.1303    0.02507 
    0.3958    0.08793    -3.0851    0.02260 
    0.2671    0.11826    -3.0424    0.02048 
    0.0283    0.20495    -2.9057    0.01495 
    0.4206    0.08305    -2.9615    0.01700 
    0.5853    0.05683    -3.2251    0.03119 
    0.3806    0.09106    -3.4998    0.05871 
    0.5357    0.06371    -2.6689    0.00867 
    0.6151    0.05307    -2.5976    0.00735 
    0.1626    0.15042    -3.5265    0.06244 
    0.2528    0.12222    -3.0547    0.02107 
    0.1897    0.14134    -3.3906    0.04566 
    0.3496    0.09779    -4.8879    1.43487 
   -0.0645    0.25379    -4.6981    0.92683 
    0.3612    0.09522    -3.4838    0.05659 
   -0.9968    2.17150    -3.0467    0.02068 
   -0.0472    0.24386    -3.0952    0.02313 
    0.2255    0.13015    -3.5682    0.06873 
    0.3457    0.09868    -3.5050    0.05942 
    0.2921    0.11165    -4.1380    0.25523 
    0.0332    0.20262    -3.6631    0.08551 
    0.5366    0.06357    -2.7787    0.01116 
    0.4174    0.08366    -3.0635    0.02150 
    0.3400    0.09998    -2.7301    0.00998 
    0.5409    0.06296    -3.0062    0.01884 
   -0.4948    0.68349    -3.4049    0.04719 
    0.1139    0.16826    -3.5255    0.06229 
   -0.7069    1.11389    -3.4439    0.05162 
    0.0383    0.20025    -3.5353    0.06371 
   -0.4641    0.63681    -4.4085    0.47579 
    0.2139    0.13366    -3.5317    0.06319 
   -0.0502    0.24551    -3.6843    0.08978 
   -0.2836    0.42030    -2.7222    0.00980 
    0.3602    0.09544    -3.2464    0.03276 
    0.2513    0.12264    -2.9487    0.01651 
    0.7122    0.04243    -2.0988    0.00233 
   -0.8647    1.60200    -2.9281    0.01574 
    0.1321    0.16136    -3.9867    0.18014 
   -1.0216    2.29869    -4.1401    0.25644 
   -0.9492    1.94573    -3.8756    0.13948 
    0.2055    0.13629    -3.7169    0.09679 
    0.4083    0.08543    -3.6844    0.08982 
    0.4661    0.07478    -5.1753    2.78104 
    0.4239    0.08242    -4.6664    0.86175 
   -0.8395    1.51161    -4.3802    0.44577 
   -0.0318    0.23536    -3.8090    0.11965 
   -0.5289    0.73935    -2.8443    0.01298 
    0.5903    0.05619    -2.6002    0.00740 
   -0.4291    0.58751    -2.7411    0.01023 
    0.3580    0.09593    -3.7759    0.11087 
    0.1012    0.17326    -3.7697    0.10931 
    0.0380    0.20039    -3.6849    0.08992 
    0.0506    0.19468    -3.8487    0.13111 
   -0.3381    0.47642    -4.7340    1.00667 
    0.3939    0.08832    -3.4301    0.05000 
    0.0389    0.20000    -3.3925    0.04586 
    0.2357    0.12713    -4.0137    0.19169 
   -0.4182    0.57296    -2.9250    0.01563 
   -0.1116    0.28284    -3.5282    0.06269 
    0.3015    0.10926    -3.8281    0.12503 
   -0.2016    0.34793    -5.4091    4.76469 
   -0.5143    0.71480    -3.7363    0.10122 
    0.2522    0.12237    -3.8097    0.11986 
    0.1360    0.15992    -3.7370    0.10138 
    0.2110    0.13456    -3.9136    0.15224 
    0.5490    0.06179    -3.5815    0.07087 
    0.1717    0.14732    -3.7419    0.10254 
    0.1901    0.14119    -3.9670    0.17215 
   -1.4173    5.71731    -3.6895    0.09086 
   -0.1169    0.28630    -3.9787    0.17686 
    0.1427    0.15748    -3.8009    0.11746 
    0.4746    0.07333    -4.0429    0.20506 
    0.3704    0.09322    -3.4617    0.05378 
   -0.0370    0.23820    -4.2519    0.33175 
   -0.2034    0.34937    -4.0527    0.20971 
    0.8359    0.03192    -4.1509    0.26293 
    0.2610    0.11994    -4.0763    0.22140 
    0.5557    0.06084    -3.3107    0.03799 
    0.7226    0.04143    -4.4745    0.55392 
